age,weight,gender,creatinine_seq_0,creatinine_seq_1,creatinine_seq_2,creatinine_seq_3,creatinine_seq_4,creatinine_seq_5,intake_seq_0,intake_seq_1,intake_seq_2,intake_seq_3,intake_seq_4,intake_seq_5,urine_seq_0,urine_seq_1,urine_seq_2,urine_seq_3,urine_seq_4,urine_seq_5,pH_seq_0,pH_seq_1,pH_seq_2,pH_seq_3,pH_seq_4,pH_seq_5,Hct_seq_0,Hct_seq_1,Hct_seq_2,Hct_seq_3,Hct_seq_4,Hct_seq_5,BUN_seq_0,BUN_seq_1,BUN_seq_2,BUN_seq_3,BUN_seq_4,BUN_seq_5,Na_seq_0,Na_seq_1,Na_seq_2,Na_seq_3,Na_seq_4,Na_seq_5,K_seq_0,K_seq_1,K_seq_2,K_seq_3,K_seq_4,K_seq_5,TP_seq_0,TP_seq_1,TP_seq_2,TP_seq_3,TP_seq_4,TP_seq_5,systolicBP_seq_0,systolicBP_seq_1,systolicBP_seq_2,systolicBP_seq_3,systolicBP_seq_4,systolicBP_seq_5,meanBP_seq_0,meanBP_seq_1,meanBP_seq_2,meanBP_seq_3,meanBP_seq_4,meanBP_seq_5,MSI_seq_0,MSI_seq_1,MSI_seq_2,MSI_seq_3,MSI_seq_4,MSI_seq_5,eGFR_seq_0,eGFR_seq_1,eGFR_seq_2,eGFR_seq_3,eGFR_seq_4,eGFR_seq_5
47.0256,52.3,0,,,,,,,680.0,120.0,200.0,350.0,200.0,820.0,580.0,260.0,430.0,440.0,280.0,85.0,,,,,,,,,,,,,,,,,,,,,,,,,,,,,,,37.2999992370605,36.5,37.4444007873535,37.0,37.3333015441895,37.1110992431641,,,,,,,,,,,,,,,,,,,,,,,,
63.8341,70.5,0,1.2,1.2,1.2,1.2,1.2,1.2,0.0,0.0,0.0,0.0,44.64285525,0.0,0.0,0.0,0.0,0.0,110.0,160.0,,,,,,,34.0,34.0,34.0,34.0,34.0,35.2,32.0,32.0,32.0,32.0,32.0,32.0,143.0,143.0,143.0,143.0,143.0,143.0,3.7,3.7,3.7,3.7,3.7,4.0,,,,,,,124.0,124.0,124.0,122.0,120.0,103.0,93.0,93.0,93.0,89.0,81.0,82.0,,,,,,,47.930716303431495,47.930716303431495,47.930716303431495,47.930716303431495,47.930716303431495,47.930716303431495
43.5815,127.7,0,0.9,0.9,0.9,0.9,0.9,0.9,0.0,0.0,240.0,0.0,0.0,0.0,100.0,690.0,700.0,940.0,135.0,0.0,,,,,,,26.7,26.7,26.7,26.7,29.8,29.8,18.0,18.0,18.0,18.0,18.0,18.0,140.0,140.0,140.0,140.0,140.0,140.0,3.7,3.7,3.7,3.7,3.7,3.7,,,,,,,153.0,148.0,156.0,132.0,132.0,132.0,101.0,91.0,103.0,88.0,92.0,92.0,,,,,,,90.19783176427772,90.19783176427772,90.19783176427772,90.19783176427772,90.19783176427772,90.19783176427772
48.1234,90.0,1,0.7,0.7,0.7,0.7,0.7,0.7,2152.4390225,1146.07352297,0.0,0.0,1104.409584341667,606.29356966,400.0,360.0,810.0,930.0,790.0,1020.0,,,,,,,31.2,31.2,34.6,34.6,34.6,34.6,11.0,11.0,11.0,11.0,11.0,11.0,138.0,138.0,138.0,138.0,138.0,138.0,3.5,3.5,3.5,3.5,3.5,3.5,,,,,,,,,,,,,,,,,,,0.975,1.0985915492957747,1.095890410958904,0.987012987012987,1.3802816901408448,1.28,111.49745504644272,111.49745504644272,111.49745504644272,111.49745504644272,111.49745504644272,111.49745504644272
48.4016,,0,0.8,0.8,0.8,0.8,0.8,0.8,1200.0,200.0,0.0,0.0,0.0,0.0,520.0,0.0,0.0,0.0,0.0,0.0,,,,,,,30.8,30.8,28.8,29.5,29.5,29.6,13.0,13.0,13.0,13.0,13.0,13.0,135.0,135.0,135.0,135.0,135.0,135.0,4.1,4.1,4.1,4.1,4.1,4.1,36.8889007568359,36.8889007568359,36.8889007568359,36.8889007568359,36.8889007568359,36.8889007568359,,,,,,,,,,,,,,,,,,,87.21455599740366,87.21455599740366,87.21455599740366,87.21455599740366,87.21455599740366,87.21455599740366
57.1776,90.9,0,0.8,0.8,0.8,0.8,0.8,0.8,0.0,0.0,0.0,230.03,186.3717742294706,648.1663984588413,0.0,0.0,0.0,0.0,475.0,140.0,7.51,7.51,7.51,7.51,7.51,7.38,35.2,35.2,35.2,35.2,35.2,35.2,25.0,25.0,25.0,25.0,25.0,25.0,143.0,143.0,143.0,143.0,143.0,143.0,4.7,4.7,4.7,4.7,4.7,4.7,36.5555992126465,36.5555992126465,36.5555992126465,36.5555992126465,36.277801513671896,36.222198486328104,,,,,,,,,,,,,,,,,,,82.00032600057945,82.00032600057945,82.00032600057945,82.00032600057945,82.00032600057945,82.00032600057945
80.1904,60.0,1,0.8,0.8,0.8,0.8,0.8,0.8,1319.83331951,174.38333682099997,99.999999,0.0,599.999999,0.0,,,,,,,,,,,,,36.8,36.8,36.8,36.8,36.8,36.8,18.0,18.0,18.0,18.0,18.0,18.0,136.0,136.0,136.0,136.0,136.0,136.0,5.2,5.2,5.2,5.2,5.2,5.2,,,,,,,103.0,100.0,107.0,103.0,101.0,95.0,62.0,67.0,67.0,61.0,69.0,44.0,,,,,,,84.25618983554435,84.25618983554435,84.25618983554435,84.25618983554435,84.25618983554435,84.25618983554435
58.4278,69.0,0,0.8,0.8,0.8,0.8,0.8,0.8,1083.66667119,0.0,50.0,320.0,60.0,600.0,880.0,720.0,380.0,320.0,360.0,600.0,,,,,,,24.2,24.2,24.2,24.2,24.2,24.2,7.0,7.0,7.0,7.0,7.0,7.0,135.0,135.0,135.0,135.0,135.0,135.0,4.2,4.2,4.2,4.2,4.2,4.2,,,,,,,138.0,116.0,114.0,110.0,137.0,157.0,102.0,74.0,69.0,95.0,78.0,92.0,,,,,,,81.2833378682142,81.2833378682142,81.2833378682142,81.2833378682142,81.2833378682142,81.2833378682142
86.8338,58.3,0,1.0,1.0,1.0,1.0,0.9,0.9,140.0,470.0,80.0,80.0,250.0,90.0,530.0,340.0,390.0,250.0,170.0,105.0,,,,,,,31.8,31.8,31.8,31.8,31.8,31.8,17.0,17.0,17.0,17.0,15.0,14.0,144.0,144.0,144.0,144.0,146.0,145.0,3.8,3.8,3.8,3.8,3.3,4.5,36.6666984558105,36.4444007873535,36.4444007873535,35.8333015441895,36.6110992431641,37.1666984558105,,,,,,,,,,,,,,,,,,,50.836738084135504,50.836738084135504,50.836738084135504,50.836738084135504,57.74288551520921,57.74288551520921
73.6323,56.4,0,1.5,1.5,1.5,1.6,1.6,1.6,3.6742263064999996,64.74236643399999,0.0,199.75973086,176.06827522999995,183.74854017,470.0,140.0,220.0,220.0,220.0,510.0,7.34,7.34,7.34,7.38,7.46,7.46,31.4,31.4,31.4,28.8,27.2,27.2,22.0,22.0,22.0,26.0,27.0,27.0,143.0,143.0,143.0,143.0,144.0,144.0,4.9,4.9,4.9,4.7,4.5,4.5,,,,,,,130.0,122.0,168.0,134.0,134.0,134.0,89.0,81.0,102.0,93.0,93.0,93.0,0.9642857142857144,0.9642857142857144,0.9642857142857144,0.7978723404255319,0.9418604651162792,1.037037037037037,39.382514012721686,39.382514012721686,39.382514012721686,36.42643833771758,36.42643833771758,36.42643833771758
49.0406,83.5,0,0.4,0.4,0.4,0.4,0.4,0.4,1072.47041421,1608.699947022,1547.7968869860001,3230.6737196720005,1753.731269486,1102.6557447960001,475.0,185.0,205.0,200.0,150.0,155.0,7.42,7.42,7.42,7.42,7.42,7.42,26.2,26.2,26.2,26.2,26.2,26.2,3.0,3.0,3.0,3.0,3.0,3.0,138.0,138.0,138.0,138.0,138.0,138.0,3.5,3.5,3.5,3.5,3.5,3.5,,,,,,,,,,,,,,,,,,,0.8333333333333334,0.8111111111111111,0.96,0.9733333333333334,0.945945945945946,0.8505747126436781,122.66236274030298,122.66236274030298,122.66236274030298,122.66236274030298,122.66236274030298,122.66236274030298
51.7325,105.0,1,1.0,1.0,1.0,1.0,1.0,1.0,0.0,978.8999675000001,50.0,2005.0,315.74467860000004,360.0,0.0,0.0,790.0,280.0,220.0,100.0,,,,,,,36.1,36.1,34.2,34.2,34.2,34.2,20.0,20.0,17.0,17.0,17.0,17.0,138.0,138.0,139.0,139.0,139.0,139.0,4.2,4.2,4.3,4.3,4.3,4.3,,,,,,,144.0,144.0,139.0,160.0,150.0,129.0,100.0,100.0,105.0,95.0,93.0,85.0,,,,,,,86.31281966340937,86.31281966340937,86.31281966340937,86.31281966340937,86.31281966340937,86.31281966340937
69.5863,54.4,0,1.0,1.0,1.0,1.0,1.0,0.8,0.0,0.0,0.0,0.0,2007.5166670048002,2586.66238561,0.0,0.0,0.0,0.0,75.0,110.0,7.32,7.32,7.32,7.32,7.32,7.27,33.6,33.6,33.6,33.6,33.6,29.9,23.0,23.0,23.0,23.0,23.0,18.0,137.0,137.0,137.0,137.0,137.0,141.0,3.8,3.8,3.8,3.8,3.8,3.3,,,,,,,148.0,148.0,148.0,148.0,89.0,114.0,125.0,125.0,125.0,125.0,63.0,79.0,0.9861111111111112,0.9861111111111112,0.9861111111111112,0.9861111111111112,0.9861111111111112,0.9130434782608696,57.38462038991744,57.38462038991744,57.38462038991744,57.38462038991744,57.38462038991744,75.15531835121725
85.734,77.3,1,1.1,1.1,1.1,1.1,1.3,1.3,0.0,0.0,0.0,0.0,0.0,1612.50000025,0.0,0.0,0.0,0.0,0.0,267.0,7.48,7.48,7.48,7.48,7.42,7.42,28.0,28.0,26.4,26.4,27.1,27.1,19.0,19.0,19.0,19.0,22.0,22.0,129.0,129.0,129.0,129.0,134.0,134.0,3.6,3.6,3.6,3.6,4.2,4.2,,,,,,,137.0,137.0,137.0,137.0,137.0,104.0,80.0,80.0,80.0,80.0,77.0,62.0,,,,,,,60.57611555075675,60.57611555075675,60.57611555075675,60.57611555075675,49.49800145934821,49.49800145934821
49.7176,,1,1.2,1.2,1.2,1.8,1.8,1.8,0.0,0.0,0.0,0.0,0.0,213.0,0.0,0.0,0.0,0.0,0.0,180.0,,,,,,,36.2,36.2,36.2,36.2,36.2,36.2,21.0,21.0,21.0,22.0,22.0,22.0,135.0,135.0,135.0,133.0,133.0,133.0,4.2,4.2,4.2,4.5,4.5,4.5,36.8889007568359,36.8889007568359,36.8889007568359,36.8889007568359,36.8889007568359,36.6666984558105,,,,,,,,,,,,,,,,,,,70.22506293592835,70.22506293592835,70.22506293592835,43.012808932694576,43.012808932694576,43.012808932694576
61.1817,124.0,1,0.9,0.9,0.9,0.9,0.9,0.9,0.0,0.0,125.64418073509121,167.8675422940283,411.17631487794165,265.94801108919256,0.0,600.0,1300.0,400.0,420.0,140.0,7.37,7.31,7.34,7.35,7.43,7.41,37.0,39.4,39.4,39.4,38.4,38.4,15.0,15.0,15.0,15.0,17.0,17.0,141.0,141.0,141.0,141.0,144.0,144.0,4.0,4.0,4.0,4.0,4.0,4.0,35.722198486328104,35.722198486328104,36.5,38.222198486328104,38.277801513671896,38.6666984558105,,,,,,,,,,,,,,,,,,,91.74215752267868,91.74215752267868,91.74215752267868,91.74215752267868,91.74215752267868,91.74215752267868
47.0155,94.4,1,0.9,0.9,0.9,0.9,0.9,0.9,0.0,0.0,0.0,127.553030562,615.71362148,301.02348199,0.0,0.0,0.0,0.0,230.0,175.0,7.36,7.36,7.36,7.37,7.38,7.38,38.8,38.8,38.8,38.8,38.8,38.8,18.0,18.0,18.0,18.0,18.0,18.0,147.0,147.0,147.0,147.0,147.0,147.0,3.6,3.6,3.6,3.6,3.6,3.6,,,,,,,150.0,150.0,150.0,132.0,130.0,155.0,101.0,101.0,101.0,89.0,82.0,87.0,,,,,,,101.34130797965652,101.34130797965652,101.34130797965652,101.34130797965652,101.34130797965652,101.34130797965652
44.0437,90.0,1,0.7,0.7,0.7,0.7,0.7,0.7,0.0,0.0,0.0,701.0,193.82395,140.5405,0.0,0.0,0.0,3950.0,420.0,90.0,7.45,7.45,7.45,7.45,7.45,7.45,35.0,35.0,35.0,37.4,37.4,33.5,14.0,14.0,14.0,14.0,14.0,13.0,140.0,140.0,140.0,140.0,140.0,140.0,4.0,4.0,4.0,4.0,4.0,3.7,36.5555992126465,36.5555992126465,36.5555992126465,36.5555992126465,36.5555992126465,36.777801513671896,,,,,,,,,,,,,,,,,,,114.73901190109123,114.73901190109123,114.73901190109123,114.73901190109123,114.73901190109123,114.73901190109123
83.1606,89.9,0,0.9,0.9,0.9,0.9,0.9,0.9,0.0,0.0,0.0,4480.82471618,2185.67117091,1241.993790169,0.0,0.0,0.0,80.0,280.0,150.0,7.46,7.46,7.46,7.38,7.38,7.33,38.0,38.0,38.0,29.7,29.7,29.4,26.0,26.0,26.0,26.0,26.0,26.0,139.0,139.0,139.0,138.0,138.0,140.0,3.9,3.9,3.9,4.1,4.1,4.3,,,,,,,,,,,,,,,,,,,1.4153846153846157,1.4153846153846157,1.4153846153846157,1.0823529411764703,1.264367816091954,0.9278350515463918,59.25220312436034,59.25220312436034,59.25220312436034,59.25220312436034,59.25220312436034,59.25220312436034
43.3098,162.0,0,1.5,1.5,1.5,1.5,1.5,1.5,227.61899998,99.75774835,43.9,53.65365480000001,120.0,4.496942400000001,1090.0,360.0,480.0,330.0,400.0,320.0,7.41,7.41,7.36,7.36,7.36,7.36,27.3,27.3,27.5,27.5,27.5,27.5,12.0,12.0,12.0,12.0,12.0,12.0,139.0,139.0,139.0,139.0,139.0,139.0,4.5,4.5,4.3,4.3,4.3,4.3,,,,,,,149.0,149.0,125.0,131.0,128.0,96.0,82.0,82.0,88.0,92.0,91.0,57.0,0.8529411764705882,1.1304347826086956,1.2087912087912087,1.2087912087912087,1.2087912087912087,1.2087912087912087,42.27311516336129,42.27311516336129,42.27311516336129,42.27311516336129,42.27311516336129,42.27311516336129
